812
808
807
808
810
817
810
808
801
804
800
800
801
800
801
803
797
798
801
800
798
797
798
797
797
798
799
799
796
801
797
797
795
798
795
794
798
798
794
797
797
799
793
795
796
952
1274
1723
2129
2781
3114
3161
3189
3300
3193
3212
3338
3291
3293
3178
3268
3221
3211
3331
3182
3089
2510
1416
833
798
799
798
796
803
794
803
797
805
799
800
796
800
799
799
802
802
801
804
801
798
796
800
800
799
799
803
798
799
799
799
799
799
799
799
799
799
799
799
799
799
799
799
799
799
799
799
799
799
799
799