809
811
807
810
807
807
807
812
798
801
799
800
798
798
798
802
798
797
799
805
796
801
797
800
797
800
798
798
798
795
795
794
797
793
799
801
874
867
897
986
974
1188
1285
1432
1765
1980
2277
2369
2652
3071
3122
3142
3168
3178
3204
3122
3118
2843
2765
2536
2321
2127
1923
1635
1423
1298
1071
1070
925
908
884
834
850
823
804
817
797
807
794
798
799
800
797
802
801
801
803
803
800
805
802
800
804
805
803
800
802
801
799
802
802
799
799
799
799
799
799
799
799
799
799
799
799
799
799
799
799
799
799
799