806
809
805
805
806
814
807
794
798
800
799
800
794
798
796
801
799
802
801
798
798
795
798
798
799
800
797
797
797
795
794
795
797
791
833
798
825
853
867
912
966
965
986
1252
1077
1352
1473
1614
1868
2243
2382
2509
2901
2764
2956
2958
3039
2808
2768
2649
2581
2298
2145
2125
1847
1739
1651
1366
1286
1207
1162
1078
960
922
921
857
858
854
882
846
802
822
796
797
801
798
797
800
794
802
798
801
802
803
802
805
800
799
801
800
800
799
799
799
799
799
799
799
799
799
799
799
799
799
799
799
799
799
799
799