806
810
807
803
807
813
812
804
803
805
805
808
802
799
798
801
800
805
803
802
799
799
794
796
802
805
799
798
798
801
817
838
831
805
845
874
871
1041
955
983
1148
1196
1318
1549
1605
1909
2010
2222
2438
2565
2571
2687
2741
2668
2640
2564
2457
2125
2199
1987
1983
1874
1521
1537
1536
1312
1091
1254
1121
1068
1054
987
994
883
850
885
804
869
824
843
805
799
802
797
795
800
797
799
800
805
800
798
798
802
798
799
801
800
799
797
800
799
799
799
799
799
799
799
799
799
799
799
799
799
799
799
799
799
799
799