807
806
806
806
802
802
797
798
800
805
801
803
797
800
796
797
798
804
800
803
805
806
799
802
801
795
798
797
803
801
794
798
796
802
795
800
832
827
855
899
932
886
1000
994
1027
1135
1127
1315
1416
1500
1631
1703
1749
1820
1772
1975
2117
2470
2280
2412
2234
2336
2293
2135
1955
2054
1765
1769
1750
1578
1622
1331
1290
1172
1239
1099
1002
984
871
845
816
817
819
830
812
803
801
798
807
799
797
800
797
802
804
799
797
801
801
804
801
799
799
799
799
799
799
799
799
799
799
799
799
799
799
799
799
799
799
799