- Jet Lab

- Experiment date = 2021-12-02 16:50:23
- Number of samples in measure = 100
- Number of motor steps between measures = 9
- Measures count = 100

- adc12bit
803
804
806
804
807
803
804
802
799
797
798
800
798
798
802
801
804
800
798
799
799
793
807
806
830
810
809
851
834
939
913
891
914
949
956
997
1095
1137
1163
1204
1204
1358
1509
1604
1672
1592
1738
1775
1972
1974
1931
2101
2156
1926
1798
1973
1785
1670
1729
1561
1483
1615
1461
1313
1275
1171
1254
1037
1110
1000
989
962
958
907
946
929
876
897
846
871
836
816
843
811
805
802
802
799
804
802
811
798
804
802
796
803
805
799
804
797
