1103
1085
1097
1097
1097
1092
1091
1110
1110
1091
1085
1090
1114
1101
1090
1104
1102
1092
1083
1092
1101
1109
1087
1086
1105
1089
1097
1087
1094
1090
1091
1092
1085
1095
1102
1094
1090
1091
1102
1094
1096
1099
1099
1086
1088
1094
1101
1101
1088
1091
1107
1105
1106
1088
1102
1097
1108
1091
1091
1092
1092
1092
1084
1094
1088
1090
1109
1104
1099
1093
1092
1094
1090
1095
1097
1090
1089
1109
1092
1093
1084
1090
1100
1092
1096
1092
1094
1097
1097
1079
1081
1083
1088
1106
1091
1086
1077
1094
1094
1084
1075
1090
1076
1085
1079
1079
1085
1080
1084
1077
1088
1080
1084
1075
1083
1081
1102
1093
1085
1087
1090
1084
1081
1081
1086
1091
1089
1076
1079
1096
1090
1082
1087
1092
1080
1080
1082
1088
1085
1082
1096
1082
1070
1083
1082
1077
1073
1072
1084
1087
1084
1081
1102
1091
1086
1079
1100
1102
1077
1078
1077
1078
1084
1086
1082
1076
1089
1082
1083
1092
1081
1081
1088
1087
1080
1093
1079
1084
1091
1090
1080
1074
1098
1102
1088
1088
1086
1076
1085
1084
1087
1098
1081
1083
1081
1098
1089
1086
1079
1080
1081
1083
1092
1089
1081
1075
1077
1088
1078
1075
1072
1078
1076
1084
1079
1081
1081
1090
1079
1074
1079
1094
1082
1074
1072
1083
1090
1094
1074
1071
1075
1075
1079
1071
1067
1075
1088
1083
1090
1079
1069
1091
1080
1080
1073
1079
1078
1070
1077
1077
1081
1075
1079
1075
1073
1072
1071
1078
1082
1094
1085
1075
1078
1072
1079
1077
1070
1075
1080
1064
1080
1089
1084
1088
1085
1082
1077
1075
1070
1075
1079
1071
1073
1073
1073
1077
1085
1075
1081
1076
1069
1067
1080
1069
1083
1083
1074
1070
1080
1087
1081
1090
1078
1072
1082
1084
1082
1087
1076
1086
1074
1083
1080
1079
1085
1076
1075
1074
1080
1075
1097
1083
1077
1086
1083
1076
1090
1080
1069
1076
1089
1092
1085
1080
1075
1084
1083
1085
1086
1076
1075
1081
1079
1075
1070
1082
1093
1077
1077
1077
1074
1082
1074
1086
1083
1080
1074
1078
1076
1084
1079
1077
1075
1073
1091
1090
1084
1082
1073
1070
1077
1080
1089
1078
1081
1079
1098
1087
1070
1082
1087
1078
1072
1082
1077
1081
1069
1078
1084
1071
1068
1079
1075
1076
1071
1072
1071
1090
1090
1065
1071
1087
1082
1091
1086
1090
1074
1067
1089
1080
1079
1079
1074
1081
1070
1067
1075
1077
1073
1082
1077
1080
1078
1076
1089
1077
1071
1081
1075
1082
1077
1080
1065
1076
1095
1085
1072
1076
1097
1082
1066
1076
1084
1080
1073
1070
1077
1074
1071
1078
1084
1078
1074
1073
1070
1072
1096
1087
1074
1074
1087
1078
1074
1087
1085
1074
1083
1072
1075
1093
1081
1066
1072
1081
1086
1083
1066
1071
1081
1082
1085
1091
1083
1081
1075
1080
1099
1086
1083
1076
1079
1083
1093
1074
1070
1079
1089
1092
1082
1078
