- Jet Lab

- Experiment date = 2021-12-02 16:45:18
- Number of samples in measure = 100
- Number of motor steps between measures = 9
- Measures count = 100

- adc12bit
806
803
800
806
809
807
805
807
797
802
793
798
795
809
807
809
815
813
806
808
803
796
796
802
799
797
795
798
798
803
797
798
798
798
795
797
799
799
794
799
798
801
797
838
2509
3125
3255
3155
3197
3246
3350
3259
3260
3271
3236
3285
3186
3258
3270
3268
3201
3264
3103
1563
805
800
799
799
795
803
797
801
800
800
801
801
803
801
798
796
796
799
800
805
797
801
795
801
794
801
797
800
802
804
800
798
798
803
797
802
803
803
803
803
803
803
803
803
803
803
803
